62
67
29
21
62
85
20
2
45
93
59
50
97
76
72
39
76
96
58
5
45
97
20
67
96
89
21
10
8
6
88
2
55
25
56
27
20
56
60
97
25
90
7
20
41
11
15
86
79
48
35
64
35
0
78
52
75
95
20
85
49
6
52
43
17
88
21
47
63
93
28
20
3
75
45
63
37
74
95
45
68
87
89
55
42
11
29
7
9
61
84
49
83
56
70
79
96
89
8
1
6
31
96
25
77
30
1
68
88
39
68
30
67
29
66
16
29
20
81
80
18
97
52
58
9
38
84
71
86
19
23
43
57
15
8
58
92
96
26
62
92
90
58
45
43
38
34
19
52
24
13
10
67
74
82
10
21
39
4
61
33
22
95
63
26
98
79
45
40
74
90
7
41
21
59
76
12
44
80
68
71
31
77
15
75
26
60
26
12
55
11
81
23
9
75
84
14
42
97
1
56
26
87
94
28
33
41
93
36
35
19
8
37
60
96
1
4
38
88
73
71
95
59
43
90
46
36
67
25
19
24
20
27
70
33
56
40
37
43
53
26
58
81
11
97
37
67
55
58
65
92
46
87
76
74
42
21
63
70
1
54
10
87
85
85
86
65
53
61
54
76
95
36
20
23
87
2
95
55
52
95
13
22
75
40
21
55
63
43
43
95
12
0
5
91
60
9
15
41
86
71
18
27
43
70
86
21
81
92
83
2
50
18
50
47
25
11
67
69
70
33
34
48
63
51
5
12
95
25
50
43
85
52
64
48
5
77
83
75
71
8
54
16
89
75
6
58
96
76
59
59
16
14
39
90
51
96
19
96
27
3
53
73
18
78
